

-------------------------------------------------------------------------------
TIPG 1 in paper
Xvalues = {0.3, 0.7, 1, 1.25, 1.500005, 1.75, 2, 3}
truncationfactor = 6;
Tvalues = {0.1, 0.3, 0.5, 1, 1.5, 2, 3, 4, 10, 1000};
padding = 0.0008;


V = [
    4.85723e-17, -0.0125492, 0.000867221, 0.00299008, -0.005655, 0.0000984394, 0.00193414, 0.00299288;
    0.0125492, 1.11022e-16, -0.0271557, -0.0211632, 0.00700386, 0.00526631, 0.0257883, -0.00711005;
    -0.000867221, 0.0271557, 5.55112e-16, -0.0355875, -0.0143834, -0.147784, -0.304895, -0.028092;
    -0.00299008, 0.0211632, 0.0355875, 2.77556e-17, -0.196252, 0.0063013, 0.165097, -0.0318623;
    0.005655, -0.00700386, 0.0143834, 0.196252, 0.5, 0.227074, 0.0921927, -0.0286946;
    -0.0000984394, -0.00526631, 0.147784, -0.0063013, -0.227074, -5.20417e-18, 0.0776545, 0.0166457;
    -0.00193414, -0.0257883, -0.195105, -0.165097, -0.0921927, -0.0776545, 1.11022e-16, 0.0648284;
    -0.00299288, 0.00711005, 0.028092, 0.0318623, 0.0286946, -0.0166457, -0.0648284, 1.2837e-16
];

H = [
    -6.245e-17, 0.0125492, -0.000867221, -0.00299008, 0.005655, -0.0000984394, -0.00193414, -0.00299288;
    -0.0125492, 0, 0.0271557, 0.0211632, -0.00700386, -0.00526631, -0.0257883, 0.00711005;
    0.000867221, -0.0271557, -5.55112e-16, 0.0355875, 0.0143834, 0.147784, -0.195105, 0.028092;
    0.00299008, -0.0211632, -0.0355875, -2.77556e-17, 0.196252, -0.0063013, -0.165097, 0.0318623;
    -0.005655, 0.00700386, -0.0143834, -0.196252, 0.5, -0.227074, -0.0921927, 0.0286946;
    0.0000984394, 0.00526631, -0.147784, 0.0063013, 0.227074, 5.20417e-18, -0.0776545, -0.0166457;
    0.00193414, 0.0257883, -0.304895, 0.165097, 0.0921927, 0.0776545, -1.11022e-16, -0.0648284;
    0.00299288, -0.00711005, -0.028092, -0.0318623, -0.0286946, 0.0166457, 0.0648284, -1.2837e-16
];

P = [
    0.075, 0.0875, 0.0909091, 0.0925926, 0.0937695, 0.0945946, 0.0952381, 0.0967742;
    0.15, 0.21, 0.230769, 0.241935, 0.250139, 0.256098, 0.26087, 0.272727;
    0.1875, 0.291667, 0.333333, 0.357143, 0.375312, 0.388889, 0.4, 0.428571;
    0.230769, 0.411765, 0.5, 0.555556, 0.600798, 0.636364, 0.666667, 0.75;
    0.25, 0.477273, 0.6, 0.681818, 0.751248, 0.807692, 0.857143, 1.0;
    0.26087, 0.518519, 0.666667, 0.769231, 0.858773, 0.933333, 1.0, 1.2;
    0.272727, 0.567568, 0.75, 0.882353, 1.00222, 1.10526, 1.2, 1.5;
    0.27907, 0.595745, 0.8, 0.952381, 1.09355, 1.21739, 1.333333, 1.714286;
    0.291262, 0.654206, 0.909091, 1.11111, 1.30813, 1.48936, 1.666667, 2.307692;
    0.29991, 0.69951, 0.999001, 1.24844, 1.50274, 1.74694, 1.996008, 2.991026
];
-------------------------------------------------------------------------------------------------

Xvalues = {0.8, 0.9, 1, 1.25, 1.500005, 1.75, 2, 2.5}
truncationfactor = 6;
Tvalues = {0.1, 0.3, 0.5, 1, 1.5, 2, 3, 4, 10, 1000};
padding = 0.0008;

V = [
    1.56125e-16, -0.0284568, -0.0281565, 0.00233882, 0.016047, 0.025452, 0.0107494, -0.01594;
    0.0284568, 0, -0.0307947, 0.0073697, -0.0710196, -0.0220546, 0.0852566, -0.0105888;
    0.0281565, 0.0307947, -8.32667e-17, -0.0783461, 0.00762595, -0.153135, -0.329776, -0.0145154;
    -0.00233882, -0.0073697, 0.0783461, -1.38778e-17, -0.196058, 0.0091263, 0.169169, -0.0515115;
    -0.016047, 0.0710196, -0.00762595, 0.196058, 0.5, 0.220026, 0.05153, -0.00944274;
    -0.025452, 0.0220546, 0.153135, -0.0091263, -0.220026, 1.11022e-16, 0.0634383, 0.0254186;
    -0.0107494, -0.0852566, -0.170224, -0.169169, -0.05153, -0.0634383, -5.55112e-17, 0.0623214;
    0.01594, 0.0105888, 0.0145154, 0.0515115, 0.00944274, -0.0254186, -0.0623214, 9.36751e-17
];

H = [
    -1.56125e-16, 0.0284568, 0.0281565, -0.00233882, -0.016047, -0.025452, -0.0107494, 0.01594;
    -0.0284568, 0, 0.0307947, -0.0073697, 0.0710196, 0.0220546, -0.0852566, 0.0105888;
    -0.0281565, -0.0307947, 8.32667e-17, 0.0783461, -0.00762595, 0.153135, -0.170224, 0.0145154;
    0.00233882, 0.0073697, -0.0783461, 1.38778e-17, 0.196058, -0.0091263, -0.169169, 0.0515115;
    0.016047, -0.0710196, 0.00762595, -0.196058, 0.5, -0.220026, -0.05153, 0.00944274;
    0.025452, -0.0220546, -0.153135, 0.0091263, 0.220026, -1.11022e-16, -0.0634383, -0.0254186;
    0.0107494, 0.0852566, -0.329776, 0.169169, 0.05153, 0.0634383, 5.55112e-17, -0.0623214;
    -0.01594, -0.0105888, -0.0145154, -0.0515115, -0.00944274, 0.0254186, 0.0623214, -9.36751e-17
];

P = [
    0.0888889, 0.09, 0.0909091, 0.0925926, 0.0937695, 0.0945946, 0.0952381, 0.0961538;
    0.218182, 0.225, 0.230769, 0.241935, 0.250139, 0.256098, 0.26087, 0.267857;
    0.307692, 0.321429, 0.333333, 0.357143, 0.375312, 0.388889, 0.4, 0.416667;
    0.444444, 0.473684, 1/2, 0.555556, 0.600798, 0.636364, 2/3, 0.714286;
    0.521739, 0.5625, 0.6, 0.681818, 0.751248, 0.807692, 0.857143, 0.9375;
    0.571429, 0.62069, 2/3, 0.769231, 0.858773, 0.933333, 1, 1.11111;
    0.631579, 0.692308, 3/4, 0.882353, 1.00222, 1.10526, 6/5, 1.36364;
    0.666667, 0.734694, 4/5, 0.952381, 1.09355, 1.21739, 4/3, 1.53846;
    0.740741, 0.825688, 10/11, 1.11111, 1.30813, 1.48936, 5/3, 2;
    0.799361, 0.899191, 1000/1001, 1.24844, 1.50274, 1.74694, 1000/501, 2.49377
];

----------------------------------------------------------------------------------



V = [
    3.29597e-17, -0.000265011, -0.00165497, -0.00756271, -0.0047115, 0.0096271, 0.0709102, -0.0686312;
    0.000265011, -5.20417e-18, -0.00103442, -0.0107501, -0.00621087, 0.0132573, 0.0927234, -0.089738;
    0.00165497, 0.00103442, -3.81639e-17, -0.0167701, -0.00881708, 0.0196064, -0.381252, -0.114607;
    0.00756271, 0.0107501, 0.0167701, 5.55112e-17, -0.00872291, 0.000572425, 0.0343245, -0.0300981;
    0.0047115, 0.00621087, 0.00881708, 0.00872291, 0.5, 0.00889964, 0.120231, 0.123406;
    -0.0096271, -0.0132573, -0.0196064, -0.000572425, -0.00889964, -4.85723e-17, 0.00831487, -0.00348366;
    -0.0709102, -0.0927234, -0.118748, -0.0343245, -0.120231, -0.00831487, -2.42861e-17, 0.0157951;
    0.0686312, 0.089738, 0.114607, 0.0300981, -0.123406, 0.00348366, -0.0157951, -2.77556e-17
];


H = [
    -3.29597e-17, 0.000265011, 0.00165497, 0.00756271, 0.0047115, -0.0096271, -0.0709102, 0.0686312;
    -0.000265011, 8.67362e-18, 0.00103442, 0.0107501, 0.00621087, -0.0132573, -0.0927234, 0.089738;
    -0.00165497, -0.00103442, 3.81639e-17, 0.0167701, 0.00881708, -0.0196064, -0.118748, 0.114607;
    -0.00756271, -0.0107501, -0.0167701, -5.55112e-17, 0.00872291, -0.000572425, -0.0343245, 0.0300981;
    -0.0047115, -0.00621087, -0.00881708, -0.00872291, 0.5, -0.00889964, -0.120231, -0.123406;
    0.0096271, 0.0132573, 0.0196064, 0.000572425, 0.00889964, 4.85723e-17, -0.00831487, 0.00348366;
    0.0709102, 0.0927234, -0.381252, 0.0343245, 0.120231, 0.00831487, 2.42861e-17, -0.0157951;
    -0.0686312, -0.089738, -0.114607, -0.0300981, 0.123406, -0.00348366, 0.0157951, 2.77556e-17
];

P = [
    0.0047619, 0.00654206, 0.00909091, 0.0555556, 0.0833333, 0.0636364, 0.090991, 0.0910714;
    0.00491803, 0.00684039, 0.00967742, 0.0882353, 0.1875, 0.110526, 0.231298, 0.231818;
    0.0049505, 0.00690335, 0.00980392, 0.1, 0.25, 0.12963, 0.334437, 0.335526;
    0.00497512, 0.00695134, 0.00990099, 0.111111, 0.333333, 0.148936, 0.502488, 0.50495;
    0.00498339, 0.00696749, 0.00993377, 0.115385, 0.375, 0.156716, 0.603586, 0.607143;
    0.00498753, 0.00697559, 0.00995025, 0.117647, 0.4, 0.16092, 0.671096, 0.675497;
    0.00499168, 0.0069837, 0.00996678, 0.12, 0.428571, 0.165354, 0.755611, 0.761194;
    0.00499376, 0.00698777, 0.00997506, 0.121212, 0.444444, 0.167665, 0.806387, 0.812749;
    0.0049975, 0.0069951, 0.00999001, 0.123457, 0.47619, 0.17199, 0.917348, 0.92559;
    0.00499998, 0.00699995, 0.0099999, 0.124984, 0.49975, 0.174969, 1.00898, 1.01896
];

-------------------------------------------------------------
TIPG 3 in paper
Xvalues = {0.005, 0.007, 0.01, 0.125, 0.51000000000001, 0.175, 1.01, 1.02}
truncationfactor = 6;
Tvalues = {0.1, 0.3, 0.5, 1, 1.5, 2, 3, 4, 10, 1000};
padding = 0.0008;

V = [
    -3.64292e-17, -0.000129558, -0.00186033, -0.00723049, -0.00468324, 0.00931593, 0.0713784, -0.0690949;
    0.000129558, -8.67362e-18, -0.000831554, -0.011221, -0.00624491, 0.0136931, 0.0920401, -0.089063;
    0.00186033, 0.000831554, 1.38778e-17, -0.0165693, -0.00895501, 0.0194836, -0.381214, -0.11458;
    0.00723049, 0.011221, 0.0165693, 8.32667e-17, -0.00856285, 0.000395485, 0.0347832, -0.0306001;
    0.00468324, 0.00624491, 0.00895501, 0.00856285, 0.5, 0.00881057, 0.119882, 0.123785;
    -0.00931593, -0.0136931, -0.0194836, -0.000395485, -0.00881057, -3.1225e-17, 0.00782481, -0.00306345;
    -0.0713784, -0.0920401, -0.118786, -0.0347832, -0.119882, -0.00782481, -3.46945e-18, 0.0152395;
    0.0690949, 0.089063, 0.11458, 0.0306001, -0.123785, 0.00306345, -0.0152395, -2.77556e-17
];


H = [
    3.64292e-17, 0.000129558, 0.00186033, 0.00723049, 0.00468324, -0.00931593, -0.0713784, 0.0690949;
    -0.000129558, 8.67362e-18, 0.000831554, 0.011221, 0.00624491, -0.0136931, -0.0920401, 0.089063;
    -0.00186033, -0.000831554, -1.38778e-17, 0.0165693, 0.00895501, -0.0194836, -0.118786, 0.11458;
    -0.00723049, -0.011221, -0.0165693, -8.32667e-17, 0.00856285, -0.000395485, -0.0347832, 0.0306001;
    -0.00468324, -0.00624491, -0.00895501, -0.00856285, 0.5, -0.00881057, -0.119882, -0.123785;
    0.00931593, 0.0136931, 0.0194836, 0.000395485, 0.00881057, 3.1225e-17, -0.00782481, 0.00306345;
    0.0713784, 0.0920401, -0.381214, 0.0347832, 0.119882, 0.00782481, 3.46945e-18, -0.0152395;
    -0.0690949, -0.089063, -0.11458, -0.0306001, 0.123785, -0.00306345, 0.0152395, 2.77556e-17
];

P = [
    0.0047619, 0.00654206, 0.00909091, 0.0555556, 0.0833333, 0.0636364, 0.090991, 0.0910714;
    0.00491803, 0.00684039, 0.00967742, 0.0882353, 0.1875, 0.110526, 0.231298, 0.231818;
    0.0049505, 0.00690335, 0.00980392, 0.1, 0.25, 0.12963, 0.334437, 0.335526;
    0.00497512, 0.00695134, 0.00990099, 0.111111, 0.333333, 0.148936, 0.502488, 0.50495;
    0.00498339, 0.00696749, 0.00993377, 0.115385, 0.375, 0.156716, 0.603586, 0.607143;
    0.00498753, 0.00697559, 0.00995025, 0.117647, 0.4, 0.16092, 0.671096, 0.675497;
    0.00499168, 0.0069837, 0.00996678, 0.12, 0.428571, 0.165354, 0.755611, 0.761194;
    0.00499376, 0.00698777, 0.00997506, 0.121212, 0.444444, 0.167665, 0.806387, 0.812749;
    0.0049975, 0.0069951, 0.00999001, 0.123457, 0.47619, 0.17199, 0.917348, 0.92559;
    0.00499998, 0.00699995, 0.0099999, 0.124984, 0.49975, 0.174969, 1.00898, 1.01896
];



-------------------------------------------------------------------------------
Xvalues = {0.04, 0.07, 0.1, 0.225, 0.605, 0.775, 1.1, 1.2}
truncationfactor = 6;
Tvalues = {0.1, 0.3, 0.5, 1, 1.5, 2, 3, 4, 10, 1000};
padding = 0.0008;

V = [
    8.32667e-17, -0.0119714, -0.00644065, 0.00634234, -0.0628096, 0.0581732, 0.0255923, -0.0295265;
    0.0119714, 1.38778e-17, -0.0109898, -0.00197986, -0.0125681, -0.0465713, 0.105927, -0.0599912;
    0.00644065, 0.0109898, -4.16334e-17, -0.0174104, 0.0367837, -0.126314, -0.342226, -0.0793668;
    -0.00634234, 0.00197986, 0.0174104, 4.16334e-17, -0.104147, 0.0241873, 0.0665222, -0.0256261;
    0.0628096, 0.0125681, -0.0367837, 0.104147, 0.5, 0.243379, 0.0680615, 0.0130655;
    -0.0581732, 0.0465713, 0.126314, -0.0241873, -0.243379, 2.60209e-17, 0.145096, -0.0172058;
    -0.0255923, -0.105927, -0.157774, -0.0665222, -0.0680615, -0.145096, -8.32667e-17, 0.118873;
    0.0295265, 0.0599912, 0.0793668, 0.0256261, -0.0130655, 0.0172058, -0.118873, -5.55112e-17
];


H = [
    -8.32667e-17, 0.0119714, 0.00644065, -0.00634234, 0.0628096, -0.0581732, -0.0255923, 0.0295265;
    -0.0119714, -1.38778e-17, 0.0109898, 0.00197986, 0.0125681, 0.0465713, -0.105927, 0.0599912;
    -0.00644065, -0.0109898, 4.16334e-17, 0.0174104, -0.0367837, 0.126314, -0.157774, 0.0793668;
    0.00634234, -0.00197986, -0.0174104, -4.16334e-17, 0.104147, -0.0241873, -0.0665222, 0.0256261;
    -0.0628096, -0.0125681, 0.0367837, -0.104147, 0.5, -0.243379, -0.0680615, -0.0130655;
    0.0581732, -0.0465713, -0.126314, 0.0241873, 0.243379, -2.60209e-17, -0.145096, 0.0172058;
    0.0255923, 0.105927, -0.342226, 0.0665222, 0.0680615, 0.145096, 8.32667e-17, -0.118873;
    -0.0295265, -0.0599912, -0.0793668, -0.0256261, 0.0130655, -0.0172058, 0.118873, 5.55112e-17
];


P = [
    0.0285714, 0.0411765, 0.05, 0.0692308, 0.0858156, 0.0885714, 0.0916667, 0.0923077;
    0.0352941, 0.0567568, 0.075, 0.128571, 0.200552, 0.216279, 0.235714, 0.24;
    0.037037, 0.0614035, 0.0833333, 0.155172, 0.273756, 0.303922, 0.34375, 0.352941;
    0.0384615, 0.0654206, 0.0909091, 0.183673, 0.376947, 0.43662, 0.52381, 0.545455;
    0.038961, 0.066879, 0.09375, 0.195652, 0.431116, 0.510989, 0.634615, 0.666667;
    0.0392157, 0.0676329, 0.0952381, 0.202247, 0.464491, 0.558559, 0.709677, 0.75;
    0.0394737, 0.0684039, 0.0967742, 0.209302, 0.503467, 0.615894, 0.804878, 0.857143;
    0.039604, 0.0687961, 0.097561, 0.213018, 0.525516, 0.649215, 0.862745, 0.923077;
    0.0398406, 0.0695134, 0.0990099, 0.220049, 0.570486, 0.719258, 0.990991, 1.07143;
    0.0399984, 0.0699951, 0.09999, 0.224949, 0.604634, 0.7744, 1.09879, 1.19856
];


---------------------------------------------------------------------------

TIPG 2 in paper

Xvalues = {0.6, 0.8, 1, 1.225, 1.505, 1.75, 2, 2.5}
truncationfactor = 6;
Tvalues = {0.1, 0.3, 0.5, 1, 1.5, 2, 3, 4, 10, 1000};
padding = 0.0008;

V = [
  0.000000 -0.022240 -0.010330  0.001572  0.017053  0.012344 -0.008076 -0.002015;
  0.022240  0.000000 -0.032154 -0.023705 -0.041653  0.014959  0.091371 -0.039714;
  0.010330  0.032154  0.000000 -0.059100 -0.005204 -0.150847 -0.293117 -0.041182;
 -0.001572  0.023705  0.059100  0.000000 -0.210070 -0.008831  0.155849 -0.023644;
 -0.017053  0.041653  0.005204  0.210070  0.500000  0.212440  0.038713  0.006219;
 -0.012344 -0.014959  0.150847  0.008831 -0.212440  0.000000  0.055970  0.025358;
  0.008076 -0.091371 -0.206883 -0.155849 -0.038713 -0.055970  0.000000  0.048148;
  0.002015  0.039714  0.041182  0.023644 -0.006219 -0.025358 -0.048148  0.000000
];

H=V';
