V = [
    -1.04083e-16, -0.051426, 0.0714384, 0.0480165, -0.0490829, 0.00694646, -0.0361109, 0.0150574, -0.00486994;
    0.051426, -1.249e-16, -0.183974, -0.103807, 0.140499, 0.00575806, 0.157118, -0.0753461, 0.00832553;
    -0.0714384, 0.183974, 1.11022e-16, -0.111862, -0.0535083, -0.0994625, -0.349521, 0.00277096, -0.000940115;
    -0.0480165, 0.103807, 0.111862, -1.04083e-16, -0.325973, -0.0736149, 0.222592, 0.0129124, -0.00355313;
    0.0490829, -0.140499, 0.0535083, 0.325973, 0.5, 0.237732, -0.0359104, 0.0118182, -0.00169103;
    -0.00694646, -0.00575806, 0.0994625, 0.0736149, -0.237732, -1.11022e-16, 0.057325, 0.0238713, -0.00382463;
    0.0361109, -0.157118, -0.150479, -0.222592, 0.0359104, -0.057325, 9.71445e-17, 0.0175086, -0.00200845;
    -0.0150574, 0.0753461, -0.00277096, -0.0129124, -0.0118182, -0.0238713, -0.0175086, -8.32667e-17, 0.00855524;
    0.00486994, -0.00832553, 0.000940115, 0.00355313, 0.00169103, 0.00382463, 0.00200845, -0.00855524, -4.46691e-17
];


H = [
    1.04083e-16, 0.051426, -0.0714384, -0.0480165, 0.0490829, -0.00694646, 0.0361109, -0.0150574, 0.00486994;
    -0.051426, 1.249e-16, 0.183974, 0.103807, -0.140499, -0.00575806, -0.157118, 0.0753461, -0.00832553;
    0.0714384, -0.183974, -1.11022e-16, 0.111862, 0.0535083, 0.0994625, -0.150479, -0.00277096, 0.000940115;
    0.0480165, -0.103807, -0.111862, 1.04083e-16, 0.325973, 0.0736149, -0.222592, -0.0129124, 0.00355313;
    -0.0490829, 0.140499, -0.0535083, -0.325973, 0.5, -0.237732, 0.0359104, -0.0118182, 0.00169103;
    0.00694646, 0.00575806, -0.0994625, -0.0736149, 0.237732, 1.11022e-16, -0.057325, -0.0238713, 0.00382463;
    -0.0361109, 0.157118, -0.349521, 0.222592, -0.0359104, 0.057325, -9.71445e-17, -0.0175086, 0.00200845;
    0.0150574, -0.0753461, 0.00277096, 0.0129124, 0.0118182, 0.0238713, 0.0175086, 8.32667e-17, -0.00855524;
    -0.00486994, 0.00832553, -0.000940115, -0.00355313, -0.00169103, -0.00382463, -0.00200845, 0.00855524, 4.46691e-17
];

P = [
    0.0991736, 0.0992366, 0.0992908, 0.0993151, 0.0993408, 0.099359, 0.0993789, 0.0995025, 0.0996678;
    0.292683, 0.293233, 0.293706, 0.293919, 0.294144, 0.294304, 0.294479, 0.295567, 0.29703;
    0.48, 0.481481, 0.482759, 0.483333, 0.483943, 0.484375, 0.484848, 0.487805, 0.491803;
    12/13, 13/14, 14/15, 0.935484, 0.937772, 0.939394, 16/17, 20/21, 30/31;
    1.33333, 1.34483, 1.35484, 1.35938, 1.36421, 1.36765, 1.37143, 1.39535, 1.42857;
    12/7, 26/15, 7/4, 1.75758, 1.76567, 1.77143, 16/9, 20/11, 15/8;
    12/5, 39/16, 42/17, 2.48571, 2.50194, 2.51351, 48/19, 60/23, 30/11;
    3, 52/17, 28/9, 3.13514, 3.16099, 3.17949, 16/5, 10/3, 60/17;
    60/11, 130/23, 35/6, 5.91837, 6.01117, 6.07843, 80/13, 20/3, 15/2;
    3000/253, 13000/1013, 7000/507, 14.2928, 14.8463, 15.2634, 2000/127, 1000/51, 3000/103
];




-------------------------------------------------------------------------------
TIPG 1 in paper
Xvalues = {0.3, 0.7, 1, 1.25, 1.500005, 1.75, 2, 3}
truncationfactor = 6;
Tvalues = {0.1, 0.3, 0.5, 1, 1.5, 2, 3, 4, 10, 1000};
padding = 0.0008;


V = [
    4.85723e-17, -0.0125492, 0.000867221, 0.00299008, -0.005655, 0.0000984394, 0.00193414, 0.00299288;
    0.0125492, 1.11022e-16, -0.0271557, -0.0211632, 0.00700386, 0.00526631, 0.0257883, -0.00711005;
    -0.000867221, 0.0271557, 5.55112e-16, -0.0355875, -0.0143834, -0.147784, -0.304895, -0.028092;
    -0.00299008, 0.0211632, 0.0355875, 2.77556e-17, -0.196252, 0.0063013, 0.165097, -0.0318623;
    0.005655, -0.00700386, 0.0143834, 0.196252, 0.5, 0.227074, 0.0921927, -0.0286946;
    -0.0000984394, -0.00526631, 0.147784, -0.0063013, -0.227074, -5.20417e-18, 0.0776545, 0.0166457;
    -0.00193414, -0.0257883, -0.195105, -0.165097, -0.0921927, -0.0776545, 1.11022e-16, 0.0648284;
    -0.00299288, 0.00711005, 0.028092, 0.0318623, 0.0286946, -0.0166457, -0.0648284, 1.2837e-16
];

H = [
    -6.245e-17, 0.0125492, -0.000867221, -0.00299008, 0.005655, -0.0000984394, -0.00193414, -0.00299288;
    -0.0125492, 0, 0.0271557, 0.0211632, -0.00700386, -0.00526631, -0.0257883, 0.00711005;
    0.000867221, -0.0271557, -5.55112e-16, 0.0355875, 0.0143834, 0.147784, -0.195105, 0.028092;
    0.00299008, -0.0211632, -0.0355875, -2.77556e-17, 0.196252, -0.0063013, -0.165097, 0.0318623;
    -0.005655, 0.00700386, -0.0143834, -0.196252, 0.5, -0.227074, -0.0921927, 0.0286946;
    0.0000984394, 0.00526631, -0.147784, 0.0063013, 0.227074, 5.20417e-18, -0.0776545, -0.0166457;
    0.00193414, 0.0257883, -0.304895, 0.165097, 0.0921927, 0.0776545, -1.11022e-16, -0.0648284;
    0.00299288, -0.00711005, -0.028092, -0.0318623, -0.0286946, 0.0166457, 0.0648284, -1.2837e-16
];

P = [
    0.075, 0.0875, 0.0909091, 0.0925926, 0.0937695, 0.0945946, 0.0952381, 0.0967742;
    0.15, 0.21, 0.230769, 0.241935, 0.250139, 0.256098, 0.26087, 0.272727;
    0.1875, 0.291667, 0.333333, 0.357143, 0.375312, 0.388889, 0.4, 0.428571;
    0.230769, 0.411765, 0.5, 0.555556, 0.600798, 0.636364, 0.666667, 0.75;
    0.25, 0.477273, 0.6, 0.681818, 0.751248, 0.807692, 0.857143, 1.0;
    0.26087, 0.518519, 0.666667, 0.769231, 0.858773, 0.933333, 1.0, 1.2;
    0.272727, 0.567568, 0.75, 0.882353, 1.00222, 1.10526, 1.2, 1.5;
    0.27907, 0.595745, 0.8, 0.952381, 1.09355, 1.21739, 1.333333, 1.714286;
    0.291262, 0.654206, 0.909091, 1.11111, 1.30813, 1.48936, 1.666667, 2.307692;
    0.29991, 0.69951, 0.999001, 1.24844, 1.50274, 1.74694, 1.996008, 2.991026
];
-------------------------------------------------------------------------------------------------

Xvalues = {0.8, 0.9, 1, 1.25, 1.500005, 1.75, 2, 2.5}
truncationfactor = 6;
Tvalues = {0.1, 0.3, 0.5, 1, 1.5, 2, 3, 4, 10, 1000};
padding = 0.0008;

V = [
    1.56125e-16, -0.0284568, -0.0281565, 0.00233882, 0.016047, 0.025452, 0.0107494, -0.01594;
    0.0284568, 0, -0.0307947, 0.0073697, -0.0710196, -0.0220546, 0.0852566, -0.0105888;
    0.0281565, 0.0307947, -8.32667e-17, -0.0783461, 0.00762595, -0.153135, -0.329776, -0.0145154;
    -0.00233882, -0.0073697, 0.0783461, -1.38778e-17, -0.196058, 0.0091263, 0.169169, -0.0515115;
    -0.016047, 0.0710196, -0.00762595, 0.196058, 0.5, 0.220026, 0.05153, -0.00944274;
    -0.025452, 0.0220546, 0.153135, -0.0091263, -0.220026, 1.11022e-16, 0.0634383, 0.0254186;
    -0.0107494, -0.0852566, -0.170224, -0.169169, -0.05153, -0.0634383, -5.55112e-17, 0.0623214;
    0.01594, 0.0105888, 0.0145154, 0.0515115, 0.00944274, -0.0254186, -0.0623214, 9.36751e-17
];

H = [
    -1.56125e-16, 0.0284568, 0.0281565, -0.00233882, -0.016047, -0.025452, -0.0107494, 0.01594;
    -0.0284568, 0, 0.0307947, -0.0073697, 0.0710196, 0.0220546, -0.0852566, 0.0105888;
    -0.0281565, -0.0307947, 8.32667e-17, 0.0783461, -0.00762595, 0.153135, -0.170224, 0.0145154;
    0.00233882, 0.0073697, -0.0783461, 1.38778e-17, 0.196058, -0.0091263, -0.169169, 0.0515115;
    0.016047, -0.0710196, 0.00762595, -0.196058, 0.5, -0.220026, -0.05153, 0.00944274;
    0.025452, -0.0220546, -0.153135, 0.0091263, 0.220026, -1.11022e-16, -0.0634383, -0.0254186;
    0.0107494, 0.0852566, -0.329776, 0.169169, 0.05153, 0.0634383, 5.55112e-17, -0.0623214;
    -0.01594, -0.0105888, -0.0145154, -0.0515115, -0.00944274, 0.0254186, 0.0623214, -9.36751e-17
];

P = [
    0.0888889, 0.09, 0.0909091, 0.0925926, 0.0937695, 0.0945946, 0.0952381, 0.0961538;
    0.218182, 0.225, 0.230769, 0.241935, 0.250139, 0.256098, 0.26087, 0.267857;
    0.307692, 0.321429, 0.333333, 0.357143, 0.375312, 0.388889, 0.4, 0.416667;
    0.444444, 0.473684, 1/2, 0.555556, 0.600798, 0.636364, 2/3, 0.714286;
    0.521739, 0.5625, 0.6, 0.681818, 0.751248, 0.807692, 0.857143, 0.9375;
    0.571429, 0.62069, 2/3, 0.769231, 0.858773, 0.933333, 1, 1.11111;
    0.631579, 0.692308, 3/4, 0.882353, 1.00222, 1.10526, 6/5, 1.36364;
    0.666667, 0.734694, 4/5, 0.952381, 1.09355, 1.21739, 4/3, 1.53846;
    0.740741, 0.825688, 10/11, 1.11111, 1.30813, 1.48936, 5/3, 2;
    0.799361, 0.899191, 1000/1001, 1.24844, 1.50274, 1.74694, 1000/501, 2.49377
];

----------------------------------------------------------------------------------

Xvalues = {12, 13, 14, 14.5, 15.01, 15.5, 16, 20, 30};  
truncationfactor = 6;
Tvalues = {0.1, 0.3, 0.5, 1, 1.5, 2, 3, 4, 10, 1000};
padding = 0.0008;

V = [
    1.11022e-16, -0.0696785, 0.00847653, 0.0276281, 0.0359633, 0.0337206, 0.0231588, -0.0760514, 0.0158418;
    0.0696785, -3.33067e-16, -0.0695501, -0.0622229, -0.0439522, -0.00160782, 0.0560151, 0.0704749, -0.0194635;
    -0.00847653, 0.0695501, 4.02456e-16, -0.0593461, -0.0428291, -0.168465, -0.296139, 0.0113264, -0.00591676;
    -0.0276281, 0.0622229, 0.0593461, -1.30104e-17, -0.218518, -0.00900278, 0.134938, 0.000396735, -0.00188578;
    -0.0359633, 0.0439522, 0.0428291, 0.218518, 0.5, 0.190019, 0.0428708, -0.00309894, 0.000908565;
    -0.0337206, 0.00160782, 0.168465, 0.00900278, -0.190019, -1.42247e-16, 0.0442534, -0.00205269, 0.00265307;
    -0.0231588, -0.0560151, -0.203861, -0.134938, -0.0428708, -0.0442534, 3.60822e-16, 0.00170353, 0.00373418;
    0.0760514, -0.0704749, -0.0113264, -0.000396735, 0.00309894, 0.00205269, -0.00170353, 2.77556e-17, 0.00390326;
    -0.0158418, 0.0194635, 0.00591676, 0.00188578, -0.000908565, -0.00265307, -0.00373418, -0.00390326, 4.68375e-17
];


H = [
    -1.11022e-16, 0.0696785, -0.00847653, -0.0276281, -0.0359633, -0.0337206, -0.0231588, 0.0760514, -0.0158418;
    -0.0696785, 3.33067e-16, 0.0695501, 0.0622229, 0.0439522, 0.00160782, -0.0560151, -0.0704749, 0.0194635;
    0.00847653, -0.0695501, -4.02456e-16, 0.0593461, 0.0428291, 0.168465, -0.203861, -0.0113264, 0.00591676;
    0.0276281, -0.0622229, -0.0593461, 1.30104e-17, 0.218518, 0.00900278, -0.134938, -0.000396735, 0.00188578;
    0.0359633, -0.0439522, -0.0428291, -0.218518, 0.5, -0.190019, -0.0428708, 0.00309894, -0.000908565;
    0.0337206, -0.00160782, -0.168465, -0.00900278, 0.190019, 1.42247e-16, -0.0442534, 0.00205269, -0.00265307;
    0.0231588, 0.0560151, -0.296139, 0.134938, 0.0428708, 0.0442534, -3.60822e-16, -0.00170353, -0.00373418;
    -0.0760514, 0.0704749, 0.0113264, 0.000396735, -0.00309894, -0.00205269, 0.00170353, -2.77556e-17, -0.00390326;
    0.0158418, -0.0194635, -0.00591676, -0.00188578, 0.000908565, 0.00265307, 0.00373418, 0.00390326, -4.68375e-17
];

P = [
    0.0991736, 0.0992366, 0.0992908, 0.0993151, 0.0993382, 0.099359, 0.0993789, 0.0995025, 0.0996678;
    0.292683, 0.293233, 0.293706, 0.293919, 0.294121, 0.294304, 0.294479, 0.295567, 0.29703;
    0.48, 0.481481, 0.482759, 0.483333, 0.483881, 0.484375, 0.484848, 0.487805, 0.491803;
    12/13, 13/14, 14/15, 0.935484, 0.937539, 0.939394, 16/17, 20/21, 30/31;
    1.33333, 1.34483, 1.35484, 1.35938, 1.36372, 1.36765, 1.37143, 1.39535, 1.42857;
    12/7, 26/15, 7/4, 1.75758, 1.76484, 1.77143, 16/9, 20/11, 15/8;
    12/5, 39/16, 42/17, 2.48571, 2.50028, 2.51351, 48/19, 60/23, 30/11;
    3, 52/17, 28/9, 3.13514, 3.15834, 3.17949, 16/5, 10/3, 60/17;
    60/11, 130/23, 35/6, 5.91837, 6.0016, 6.07843, 80/13, 20/3, 15/2;
    3000/253, 13000/1013, 7000/507, 14.2928, 14.788, 15.2634, 2000/127, 1000/51, 3000/103
];

--------------------------------------------------------------------------------------------
TIPG 2
Xvalues = {0.05, 0.07, 0.1, 0.125, 0.1500005, 0.175, 0.2, 0.3}
truncationfactor = 6;
Tvalues = {0.1, 0.3, 0.5, 1, 1.5, 2, 3, 4, 10, 1000};
padding = 0.0008;


V = [
    -4.33681e-18, -0.0321796, 0.045198, -0.0856847, 0.102978, -0.119223, 0.0840553, -0.0107;
    0.0321796, 2.15106e-16, -0.138742, 0.23907, -0.359025, 0.263445, -0.0289896, -0.0136328;
    -0.045198, 0.138742, 4.996e-16, -0.32202, 0.328661, -0.213376, -0.372561, -0.0166183;
    0.0856847, -0.23907, 0.32202, 2.63678e-16, -0.215381, -0.208824, 0.276913, -0.0210898;
    -0.102978, 0.359025, -0.328661, 0.215381, 0.5, 0.344281, 0.0420825, -0.0252876;
    0.119223, -0.263445, 0.213376, 0.208824, -0.344281, 2.22045e-16, 0.0448803, 0.0258693;
    -0.0840553, 0.0289896, -0.127439, -0.276913, -0.0420825, -0.0448803, 0, 0.0453605;
    0.0107, 0.0136328, 0.0166183, 0.0210898, 0.0252876, -0.0258693, -0.0453605, 3.81639e-17
];

H = [
    2.60209e-18, 0.0321796, -0.045198, 0.0856847, -0.102978, 0.119223, -0.0840553, 0.0107;
    -0.0321796, -2.15106e-16, 0.138742, -0.23907, 0.359025, -0.263445, 0.0289896, 0.0136328;
    0.045198, -0.138742, -4.996e-16, 0.32202, -0.328661, 0.213376, -0.127439, 0.0166183;
    -0.0856847, 0.23907, -0.32202, -2.63678e-16, 0.215381, 0.208824, -0.276913, 0.0210898;
    0.102978, -0.359025, 0.328661, -0.215381, 0.5, -0.344281, -0.0420825, 0.0252876;
    -0.119223, 0.263445, -0.213376, -0.208824, 0.344281, -2.22045e-16, -0.0448803, -0.0258693;
    0.0840553, -0.0289896, -0.372561, 0.276913, 0.0420825, 0.0448803, 0, -0.0453605;
    -0.0107, -0.0136328, -0.0166183, -0.0210898, -0.0252876, 0.0258693, 0.0453605, -3.81639e-17
];

P = [
    0.0333333, 0.0411765, 0.05, 0.0555556, 0.0600798, 0.0636364, 0.0666667, 0.075;
    0.0428571, 0.0567568, 0.075, 0.0882353, 0.100222, 0.110526, 0.12, 0.15;
    0.0454545, 0.0614035, 0.0833333, 0.1, 0.11568, 0.12963, 0.142857, 0.1875;
    0.047619, 0.0654206, 0.0909091, 0.111111, 0.130813, 0.148936, 0.166667, 0.230769;
    0.0483871, 0.066879, 0.09375, 0.115385, 0.136777, 0.156716, 0.176471, 0.25;
    0.0487805, 0.0676329, 0.0952381, 0.117647, 0.139967, 0.16092, 0.181818, 0.26087;
    0.0491803, 0.0684039, 0.0967742, 0.12, 0.143311, 0.165354, 0.1875, 0.272727;
    0.0493827, 0.0687961, 0.097561, 0.121212, 0.145043, 0.167665, 0.190476, 0.27907;
    0.0497512, 0.0695134, 0.0990099, 0.123457, 0.148269, 0.17199, 0.196078, 0.291262;
    0.0499975, 0.0699951, 0.09999, 0.124984, 0.150477, 0.174969, 0.19996, 0.29991
];

-----------------------------------------------------------------------------------

TIPG3
Xvalues = {0.005, 0.007, 0.01, 0.0125, 0.0150000005, 0.0175, 0.02, 0.03}
truncationfactor = 6;
Tvalues = {0.1, 0.3, 0.5, 1, 1.5, 2, 3, 4, 10, 1000};
padding = 0.0008;

V = [
    1.38778e-16, -0.0332678, 0.0130196, -0.0253501, -0.0679745, 0.105916, -0.00255497, -0.0124792;
    0.0332678, 7.63278e-17, -0.0809825, -0.0135224, 0.0901673, -0.163865, 0.146545, -0.0207304;
    -0.0130196, 0.0809825, 1.66533e-15, -0.0254194, -0.216552, 0.0890317, -0.391709, -0.0220903;
    0.0253501, 0.0135224, 0.0254194, 2.28983e-16, 0.0366589, -0.295383, 0.216539, -0.00675955;
    0.0679745, -0.0901673, 0.216552, -0.0366589, 0.5, 0.385935, -0.0191415, -0.00921926;
    -0.105916, 0.163865, -0.0890317, 0.295383, -0.385935, 1.66533e-16, 0.110021, 0.00578486;
    0.00255497, -0.146545, -0.108291, -0.216539, 0.0191415, -0.110021, 2.77556e-16, 0.0474933;
    0.0124792, 0.0207304, 0.0220903, 0.00675955, 0.00921926, -0.00578486, -0.0474933, 2.42861e-17
];

H = [
    -1.38778e-16, 0.0332678, -0.0130196, 0.0253501, 0.0679745, -0.105916, 0.00255497, 0.0124792;
    -0.0332678, -7.63278e-17, 0.0809825, 0.0135224, -0.0901673, 0.163865, -0.146545, 0.0207304;
    0.0130196, -0.0809825, -1.66533e-15, 0.0254194, 0.216552, -0.0890317, -0.108291, 0.0220903;
    -0.0253501, -0.0135224, -0.0254194, -2.28983e-16, -0.0366589, 0.295383, -0.216539, 0.00675955;
    -0.0679745, 0.0901673, -0.216552, 0.0366589, 0.5, -0.385935, 0.0191415, 0.00921926;
    0.105916, -0.163865, 0.0890317, -0.295383, 0.385935, -1.66533e-16, -0.110021, -0.00578486;
    -0.00255497, 0.146545, -0.391709, 0.216539, -0.0191415, 0.110021, -2.77556e-16, -0.0474933;
    -0.0124792, -0.0207304, -0.0220903, -0.00675955, -0.00921926, 0.00578486, 0.0474933, -2.42861e-17
];

P = [
    0.0047619, 0.00654206, 0.00909091, 0.0111111, 0.0130813, 0.0148936, 0.0166667, 0.0230769;
    0.00491803, 0.00684039, 0.00967742, 0.012, 0.0143311, 0.0165354, 0.01875, 0.0272727;
    0.0049505, 0.00690335, 0.00980392, 0.0121951, 0.0146102, 0.0169082, 0.0192308, 0.0283019;
    0.00497512, 0.00695134, 0.00990099, 0.0123457, 0.0148269, 0.017199, 0.0196078, 0.0291262;
    0.00498339, 0.00696749, 0.00993377, 0.0123967, 0.0149005, 0.0172982, 0.0197368, 0.0294118;
    0.00498753, 0.00697559, 0.00995025, 0.0124224, 0.0149376, 0.0173482, 0.019802, 0.0295567;
    0.00499168, 0.0069837, 0.00996678, 0.0124481, 0.0149749, 0.0173985, 0.0198675, 0.029703;
    0.00499376, 0.00698777, 0.00997506, 0.0124611, 0.0149936, 0.0174238, 0.0199005, 0.0297767;
    0.0049975, 0.0069951, 0.00999001, 0.0124844, 0.0150274, 0.0174694, 0.0199601, 0.0299103;
    0.00499998, 0.00699995, 0.0099999, 0.0124998, 0.0150498, 0.0174997, 0.0199996, 0.0299991
];

----------------------------------------------------------------------------------------------
TIPG4
Xvalues = {0.005, 0.007, 0.01, 0.0125, 0.015000000000005, 0.0175, 0.02, 0.03}
truncationfactor = 6;
Tvalues = {0.1, 0.3, 0.5, 1, 1.5, 2, 3, 4, 10, 1000};
padding = 0.0008;

V = [
    8.32667e-17, -0.0113831, -0.119394, 0.0439308, 0.106264, -0.0551829, 0.00755181, -0.00222918;
    0.0113831, 6.93889e-17, 0.0986492, -0.0983639, -0.227481, 0.148127, 0.0785799, -0.0192197;
    0.119394, -0.0986492, 2.77556e-17, -0.0583657, 0.166207, -0.347451, -0.259157, -0.0138947;
    -0.0439308, 0.0983639, 0.0583657, 2.77556e-16, -0.334168, 0.183197, 0.0435766, -0.00426588;
    -0.106264, 0.227481, -0.166207, 0.334168, 0.5, 0.10939, 0.105439, -0.00367726;
    0.0551829, -0.148127, 0.347451, -0.183197, -0.10939, 4.16334e-17, 0.0410507, 0.0127955;
    -0.00755181, -0.0785799, -0.240843, -0.0435766, -0.105439, -0.0410507, 3.98986e-17, 0.0275555;
    0.00222918, 0.0192197, 0.0138947, 0.00426588, 0.00367726, -0.0127955, -0.0275555, 8.67362e-17
];


H = [
    -8.32667e-17, 0.0113831, 0.119394, -0.0439308, -0.106264, 0.0551829, -0.00755181, 0.00222918;
    -0.0113831, -6.93889e-17, -0.0986492, 0.0983639, 0.227481, -0.148127, -0.0785799, 0.0192197;
    -0.119394, 0.0986492, -2.77556e-17, 0.0583657, -0.166207, 0.347451, -0.240843, 0.0138947;
    0.0439308, -0.0983639, -0.0583657, -2.77556e-16, 0.334168, -0.183197, -0.0435766, 0.00426588;
    0.106264, -0.227481, 0.166207, -0.334168, 0.5, -0.10939, -0.105439, 0.00367726;
    -0.0551829, 0.148127, -0.347451, 0.183197, 0.10939, -4.16334e-17, -0.0410507, -0.0127955;
    0.00755181, 0.0785799, -0.259157, 0.0435766, 0.105439, 0.0410507, -3.98986e-17, -0.0275555;
    -0.00222918, -0.0192197, -0.0138947, -0.00426588, -0.00367726, 0.0127955, 0.0275555, -8.67362e-17
];

P = [
    0.0047619, 0.00654206, 0.00909091, 0.0111111, 0.0130435, 0.0148936, 0.0166667, 0.0230769;
    0.00491803, 0.00684039, 0.00967742, 0.012, 0.0142857, 0.0165354, 0.01875, 0.0272727;
    0.0049505, 0.00690335, 0.00980392, 0.0121951, 0.0145631, 0.0169082, 0.0192308, 0.0283019;
    0.00497512, 0.00695134, 0.00990099, 0.0123457, 0.0147783, 0.017199, 0.0196078, 0.0291262;
    0.00498339, 0.00696749, 0.00993377, 0.0123967, 0.0148515, 0.0172982, 0.0197368, 0.0294118;
    0.00498753, 0.00697559, 0.00995025, 0.0124224, 0.0148883, 0.0173482, 0.019802, 0.0295567;
    0.00499168, 0.0069837, 0.00996678, 0.0124481, 0.0149254, 0.0173985, 0.0198675, 0.029703;
    0.00499376, 0.00698777, 0.00997506, 0.0124611, 0.014944, 0.0174238, 0.0199005, 0.0297767;
    0.0049975, 0.0069951, 0.00999001, 0.0124844, 0.0149775, 0.0174694, 0.0199601, 0.0299103;
    0.00499998, 0.00699995, 0.0099999, 0.0124998, 0.0149998, 0.0174997, 0.0199996, 0.0299991
];